0000000  30203  12798  -1086   -494   1418 -11873 -14676   3175
0000020   4805   5348  -8689 -13580  -4373 -26328 -21179  -1759
0000040  26419 -11348 -11267  31948 -23118 -24363  27899   2957
0000060 -31629  15582  -4364 -31563  15657 -14947 -11704 -11315
0000100  29950  -5333   2717 -28739  10487 -15252  21343  -1648
0000120   1360  27795  13705 -26040  16073 -29664 -25785  -6808
0000140 -29450 -20151   2609  28502  24505 -25947  10945 -20558
0000160  11538   5771  -7704   2122  -1472  15604   7776 -32122
0000200 -16963 -13320  29575  -9536  30820  16722   2726   4672
0000220  -5690  10762   5296  26293   2622   4957  30024   3120
0000240  29519 -29997 -30070 -19592   8978  -3720  21462 -23301
0000260 -17203  -5263  -3467  -1020 -12619  28112   1846  -1759
0000300  24683 -28021  25800 -21353 -27641 -12243  -6617  14554
0000320 -17367  -9363  28067  14768 -12396 -11195  -3886 -22967
0000340 -17648  -7534  20790 -24742 -21765  24665  -4119 -25136
0000360 -16051  11866  -6908  -8746  21298 -23506  26596 -25013
0000400  -4539  18030 -21246   5894  21278   7724  -5828   2159
0000420  10424  13930 -11831   3210  13332 -20332  15535  24836
0000440 -19443 -26432 -18412 -30290  12223  16752
0000454
